
>> input(:, :, 1) = (800 x 600 x 3)

val(:,:,1) =

  -93.8809,  -98.3466,  -96.5498,  -68.9044
  -92.2108,  -96.5084,  -96.3092,  -77.0899
  -90.6786,  -94.0300,  -95.2579,  -88.1287
  -93.2456,  -93.1981,  -91.6983,  -91.3496
  -93.6262,  -93.0480,  -91.6486,  -94.6004
  -91.7563,  -93.3894,  -94.9241,  -98.4463
  -93.2962,  -93.8276,  -94.4887,  -99.8509


val(:,:,2) =

 -106.5857, -112.0587, -111.6723,  -84.7738
 -105.0154, -109.5133, -109.7887,  -91.5246
 -103.5786, -106.3522, -107.1743, -101.2984
 -106.0094, -106.4480, -105.8780, -106.9637
 -106.4693, -106.5465, -106.2835, -110.6560
 -104.6789, -106.2028, -107.9135, -112.6818
 -104.2977, -105.5493, -107.4013, -113.8943


val(:,:,3) =

 -113.4286, -119.1909, -119.6388,  -94.4205
 -111.8217, -116.9184, -118.3493, -101.5532
 -110.3587, -113.9735, -116.1467, -111.3291
 -112.8747, -113.5223, -113.4098, -114.9547
 -113.3082, -113.3111, -113.0465, -117.3894
 -111.5217, -113.0686, -114.8042, -119.2313
 -112.4345, -113.0478, -114.1277, -120.4196



>> w(:, :, :, 1)

ans(:,:,1) =

    0.4295,    0.2748,   -0.0575
    0.3735,    0.0387,   -0.2622
   -0.0614,   -0.3672,   -0.3501


ans(:,:,2) =

    0.5504,    0.3457,   -0.0586
    0.4401,    0.0406,   -0.3307
   -0.0814,   -0.4535,   -0.4850


ans(:,:,3) =

    0.4800,    0.3105,   -0.0509
    0.4085,    0.0502,  -0.2852
   -0.0651,   -0.4034,   -0.4185


>> b(1)

ans =

    0.7343

mata
>> conv1_1(:, :, 1) =  (800 x 600 x 64)

346.35046	244.71304	193.98178	90.195099
259.57205	1.5050545	0	0
260.98450	3.2194214	0	0
261.66937	2.6054940	0.16677481	0
256.78714	0.54914176	12.264314	0
257.10544	3.4232292	15.819304	0
260.36533	2.6776783	13.804618	0

